Testing search vs. depth

depth;pruning;heuristic;nodes
2;0;0;242
2;0;1;293
2;0;2;242
2;1;0;179
2;1;1;224
2;1;2;179
4;0;0;2384
4;0;1;2384
4;0;2;2384
4;1;0;811
4;1;1;913
4;1;2;811
6;0;0;14422
6;0;1;14422
6;0;2;14422
6;1;0;2144
6;1;1;2510
6;1;2;2144
8;0;0;57143
8;0;1;57143
8;0;2;57143
8;1;0;3289
8;1;1;3456
8;1;2;3289
10;0;0;143007
10;0;1;143007
10;0;2;143007
10;1;0;6210
10;1;1;6211
10;1;2;6210
12;0;0;167219
12;0;1;167219
12;0;2;167219
12;1;0;4595
12;1;1;4595
12;1;2;4595
Testing heuristic quality


depth;h1;h2;win

2;0;1;1
2;0;2;2
2;1;0;2
2;1;2;2
2;2;0;2
2;2;1;1
4;0;1;2
4;0;2;2
4;1;0;2
4;1;2;2
4;2;0;2
4;2;1;2
6;0;1;2
6;0;2;2
6;1;0;2
6;1;2;2
6;2;0;2
6;2;1;2
8;0;1;2
8;0;2;2
8;1;0;2
8;1;2;2
8;2;0;2
8;2;1;2
